function Ex1
A=[-1.1 2.2 3.3; 2.1 -3.2 4.3; 3.1 4.2 -5.3];
B=[1;0;-1];
A\B
end
