%Ex3_3
Vmax=0:1/(100*10)/32:(100*10^(-3))/32;
f=2.5*10^9;
Tau=1/(2.5*10^9);

plot_vecE_sample;